NUM_ELEM: 136
NUM_INTP: 27
OUTPUT_FLAG: 0
INTEGRATION: EULER_EXPLICIT
CUTOFF: 0.99
DEL_DMG: 0.043
NU: 0.3
KAPPA: 0.00248571
ALPHA: 7.0
BETA: 0.7
C: 0.22318844
